epoch=1 step=10 value=-202.28460436178597
epoch=1 step=30 value=-199.21200813270818
epoch=1 step=40 value=-191.75309522498608
